=====> Error MSE 20000 = 0.444445679026

==========================================================> Final Weight
w[0][1] =  0.29936591569567583
w[0][2] =  0.2212668770984325
w[1][1] =  0.01601522816104839
w[1][2] =  0.5997759397538657
w[2][1] =  0.017708433582152128
w[2][2] =  0.2886028417459239
w[3][1] =  0.039019425671619645
w[3][2] =  0.48921635535418084
w[4][1] =  0.2892869806427212
w[4][2] =  0.34426886031643045
w[5][1] =  0.2652379331361905
w[5][2] =  0.7699047691444616
w[6][1] =  0.7756313100705422
w[6][2] =  0.649382190363993
w[7][1] =  0.4612671315969413
w[7][2] =  0.29455152162426623
w[8][1] =  0.6278477440710867
w[8][2] =  0.2736851238162631
w[9][1] =  0.2623112684622214
w[9][2] =  0.0032666458395568254
w[10][1] =  0.18491466130624723
w[10][2] =  0.9843171078822789
w[11][1] =  0.6133367909100694
w[11][2] =  0.03505118643566352
w[12][1] =  0.01672246782007958
w[12][2] =  0.9857998570736518
w[13][1] =  0.5767278259373517
w[13][2] =  0.984995082587825
----------------------------------------------------------------------------------------------------
wh[0] =  4.264098707936672
wh[1] =  4.588986072660561
wh[2] =  4.633936157605313
----------------------------------------------------------------------------------------------------